   RS iter        Gamma        Alpha  PRESS lasso   PRESS spgl    T elapsed 
         1       0.0036       0.2027 1550745.7287   41691.5485    1888.9011
         2       0.0207       0.5343 2473032.4365   41403.8102     823.3896
         3       0.2749       0.1772 1717007.8901   41403.8107     539.1097
         4       0.2160       0.6282 1694927.6078   41403.8106     469.4583
         5       0.0000       0.3093 2857499.0469   39691.2904    2346.2323
         6       0.0000       0.8960 2807151.4927   39227.5745    2377.2999
         7       0.0002       0.3679 2870508.6268   39658.5968    2123.0175
         8       0.0001       0.8530 2601701.3103   39481.3044    2277.9522
         9       0.1352       0.5553 1472951.5554   41403.8104     338.2608
        10       0.0168       0.6827 2452470.7690   41403.8101     857.9755
        11       0.0099       0.2820 2001782.5010   41408.1526    1453.5849
        12       0.0014       0.4170 2090424.9975   41794.8479    1992.5013
        13       0.1198       0.5598 1465844.2271   41403.8104     265.9958
        14       0.0000       0.8342 2879065.5812   39447.4073    2137.4328
        15       0.0004       0.0725 2570604.8456   40751.6457    2103.1519
        16       0.0000       0.9662 2862448.3167   39366.7255    2150.6438
        17       0.0000       0.1925 2866200.8815   39247.1323    2011.2656
        18       0.0003       0.9641 2788017.8606   39440.5421    2287.1764
        19       0.0002       0.9718 3001118.9339   39291.1460    2076.3896
        20       0.0001       0.7677 2790207.6053   39453.2535    2543.2517
        21       0.0258       0.4499 2511154.2045   41403.8102     808.6643
        22       0.0001       0.8948 2978501.2518   39396.4190    2160.5621
        23       0.0001       0.7499 2949853.9103   39488.5513    2211.0488
        24       0.0000       0.1660 2867732.6013   39403.6473    1994.7475
        25       0.0000       0.8439 2896493.4916   39278.3601    2396.1601
        26       0.0773       0.1597 1511648.8745   41403.8103     281.3945
        27       0.7556       0.0878 3395939.1264   41403.8117      68.7253
        28       0.0002       0.6737 3101275.7483   39633.4488    2106.4256
        29       0.0250       0.6600 2521446.0427   41403.8102     780.5433
        30       0.1956       0.5642 1639346.4022   41403.8105     369.9905
        31       0.0000       0.7308 2863363.6658   39642.4475    2053.1103
        32       0.0233       0.7524 2563367.6976   41403.8101     799.8878
        33       0.0128       0.0741 2106234.0714   41405.5292    1125.5460
        34       0.0024       0.6410 1466869.6184   41738.9543    1998.7152
        35       0.0051       0.1372 1902857.5248   41643.1400    1755.1975
        36       0.1963       0.7216 1644032.0259   41403.8105     426.6659
        37       0.0571       0.2863 1553075.5022   41403.8102     436.3806
        38       0.0329       0.8192 2073283.8763   41403.8055     720.6385
        39       0.0000       0.7368 2895096.7539   39174.9550    2187.8453
        40       0.9377       0.6437 2640598.2076   41403.8118     106.7166
        41       0.0000       0.9181 2873212.2960   39081.4971    2086.0341
        42       0.0401       0.7370 1658697.1734   41403.8102     688.1126
        43       0.8034       0.6846 3177907.1075   41403.8116      45.0118
        44       0.0000       0.4307 2856514.1882   39600.8962    2382.5064
        45       0.0000       0.7644 2861227.4597   38921.4695    1776.4844
        46       0.0001       0.3803 2811280.9517   39415.1794    1762.8212
        47       0.0000       0.1879 2761636.3761   39358.1967    1849.1848
        48       0.0670       0.4264 1525428.8252   41403.8103     324.8927
        49       0.0013       0.7211 1831388.1378   41033.1605    1572.7914
        50       0.0001       0.9755 2671435.3394   39566.9763    1867.9637
        51       0.0000       0.2382 3062210.5224   39579.5496    2447.4236
        52       0.0036       0.8097 1408501.2364   41705.5724    1759.8735
        53       0.0037       0.6348 1539400.4760   41718.6877    1778.4403
        54       0.0000       0.0514 2865230.4284   39197.7533    2349.3558
        55       0.0837       0.8584 1497435.5296   41403.8026     260.1953
        56       0.0001       0.6357 2925440.7603   39372.6377    2276.1356
        57       0.0001       0.2962 2882908.0255   39336.3302    2183.5558
        58       0.0000       0.7839 2872027.5197   39378.9506    2158.5157
        59       0.0000       0.6693 2751223.8159   39530.5464    2258.6752
        60       0.0000       0.4879 2834388.3681   39155.9115    2118.0206
        61       0.0278       0.9827 2400367.8469   41403.7896     849.5127
        62       0.0014       0.7175 2206801.1441   41165.5392    1996.3947
        63       0.0000       0.1263 2728863.8316   39352.6659    2085.2381
        64       0.0027       0.8839 1312020.3958   41756.6197    1913.0207
        65       0.0076       0.4940 1945693.8847   41460.6137    1739.5789
        66       0.4443       0.9995 1726179.3458   41396.4735     312.0520
        67       0.0000       0.4796 2871610.4706   39187.9108    1976.6714
        68       0.0021       0.3757 1567453.3415   41752.9930    1866.1998
        69       0.4059       0.4831 1539801.4783   41403.8109     238.3264
        70       0.0000       0.1201 2867237.8468   39619.4629    2217.1161
        71       0.0397       0.6885 1661889.8635   41403.8102     629.9619
        72       0.4863       0.7476 2108208.3210   41403.8111     234.3481
        73       0.0720       0.3894 1515052.4813   41403.8103     304.6845
        74       0.1491       0.7289 1503260.4935   41403.8104     485.3444
        75       0.0000       0.8531 2754600.0603   39370.5050    2114.9631
        76       0.0002       0.8964 2684732.9588   39307.4565    2226.0074
        77       0.0097       0.2556 2113776.0979   41408.8270    1394.5681
        78       0.0000       0.5530 2882406.3998   39573.0560    1982.5560
        79       0.5251       0.6607 2562753.7937   41403.8112     133.7899
        80       0.0548       0.6945 1527309.0708   41403.8102     476.4423
        81       0.0003       0.9604 2687392.1287   39630.9370    2408.9701
        82       0.0002       0.4157 2863382.2889   39749.9372    2143.5289
        83       0.0001       0.7621 3038966.8992   39582.5787    2356.6419
        84       0.0000       0.0900 2892971.1749   39381.7438    2357.0620
        85       0.0041       0.5826 1627234.0727   41694.3667    1804.1491
        86       0.0000       0.0953 2817550.4340   38929.3080    2108.3854
        87       0.0437       0.7009 1520062.2318   41403.8102     755.8055
        88       0.0058       0.8438 1782973.0170   41604.4273    1550.6576
        89       0.1298       0.8097 1478142.4275   41403.8062     351.4471
        90       0.2407       0.3968 1734288.5049   41403.8106     437.1017
        91       0.0086       0.3513 1801905.3344   41415.4101    1465.7682
        92       0.0004       0.6867 2511370.1072   39934.9979    2265.4418
        93       0.0004       0.2268 2475183.0877   40590.6685    2205.6360
        94       0.0006       0.1574 2043738.6908   41030.7478    2109.7474
        95       0.0003       0.2733 2853649.7044   40343.7973    2090.2415
        96       0.0001       0.3040 2875989.7974   39616.8905    1764.4590
        97       0.0695       0.8616 1519963.1249   41403.8023     282.9312
        98       0.0000       0.1988 2863013.0098   39177.5375    1736.7549
        99       0.1327       0.0293 1473130.4216   41403.8104     254.5442
       100       0.0003       0.1154 2343611.7972   40533.7660    1891.5061
