   RS iter        Gamma        Alpha          RSS 
         1       0.7369       0.9061       0.0074 
         2       1.4928       0.0729       0.0077 
         3       0.0002       0.6604       0.0072 
         4       0.0206       0.4114       0.0072 
         5       0.0315       0.0062       0.0072 
         6       0.0000       0.6062       0.0072 
         7       0.0168       0.2174       0.0072 
         8       0.0178       0.1863       0.0072 
         9       0.0013       0.0317       0.0072 
        10       0.8925       0.6077       0.0074 
        11       0.0563       0.6938       0.0072 
        12       0.4273       0.2982       0.0073 
        13       0.6150       0.4044       0.0073 
        14       0.0065       0.0113       0.0072 
        15       0.0000       0.5142       0.0072 
        16       0.1578       0.6450       0.0072 
        17       0.0134       0.8278       0.0072 
        18       0.0070       0.4201       0.0072 
        19       1.7645       0.5487       0.0079 
        20       0.1138       0.2734       0.0072 
        21       0.0019       0.6545       0.0072 
        22       1.1615       0.0779       0.0075 
        23       0.0255       0.6900       0.0072 
        24       0.0112       0.3280       0.0072 
        25       0.0000       0.4813       0.0072 
        26       0.3512       0.6598       0.0073 
        27       0.0000       0.5071       0.0072 
        28       0.0023       0.2646       0.0072 
        29       0.4082       0.5292       0.0073 
        30       0.0008       0.6321       0.0072 
        31       0.0001       0.7179       0.0072 
        32       0.4915       0.1870       0.0073 
        33       0.0000       0.0887       0.0072 
        34       0.0009       0.8050       0.0072 
        35       0.0095       0.2870       0.0072 
        36       0.0001       0.5865       0.0072 
        37       2.9402       0.0689       0.0090 
        38       0.0004       0.5399       0.0072 
        39       0.6492       0.8980       0.0073 
        40       0.0011       0.4114       0.0072 
        41       0.0014       0.3982       0.0072 
        42       0.0002       0.7629       0.0072 
        43       0.0003       0.8112       0.0072 
        44       0.5287       0.5343       0.0073 
        45       0.0000       0.7866       0.0072 
        46       0.0890       0.9991       0.0072 
        47       0.0001       0.9767       0.0072 
        48       0.0011       0.4834       0.0072 
        49       0.4144       0.1204       0.0073 
        50       0.4105       0.4168       0.0073 
        51       2.9145       0.6355       0.0090 
        52       0.0404       0.5430       0.0072 
        53       0.0004       0.4926       0.0072 
        54       0.0000       0.4523       0.0072 
        55       0.0122       0.6088       0.0072 
        56       0.0557       0.3864       0.0072 
        57       0.4423       0.0182       0.0073 
        58       2.0467       0.4587       0.0081 
        59       1.4364       0.1807       0.0077 
        60       0.0232       0.7095       0.0072 
        61       1.1148       0.2997       0.0075 
        62       0.1257       0.0219       0.0072 
        63       0.0029       0.1246       0.0072 
        64       0.0000       0.5046       0.0072 
        65       0.0013       0.9464       0.0072 
        66       0.0001       0.7595       0.0072 
        67       0.0009       0.6049       0.0072 
        68       0.0406       0.6967       0.0072 
        69       0.0017       0.9573       0.0072 
        70       0.1920       0.9433       0.0072 
        71       0.0000       0.2842       0.0072 
        72       1.7132       0.2163       0.0079 
        73       0.0001       0.4603       0.0072 
        74       2.3128       0.2203       0.0084 
        75       0.0059       0.7182       0.0072 
        76       0.0062       0.3747       0.0072 
        77       0.4934       0.3729       0.0073 
        78       0.0000       0.1544       0.0072 
        79       0.0003       0.1621       0.0072 
        80       0.0467       0.3880       0.0072 
        81       1.8229       0.2250       0.0080 
        82       2.3782       0.8366       0.0084 
        83       0.0260       0.8440       0.0072 
        84       0.1641       0.8267       0.0072 
        85       0.0005       0.7616       0.0072 
        86       0.0016       0.8046       0.0072 
        87       0.0087       0.8792       0.0072 
        88       1.3610       0.1287       0.0076 
        89       0.0001       0.8962       0.0072 
        90       0.0252       0.3929       0.0072 
        91       0.0840       0.2256       0.0072 
        92       0.0000       0.4929       0.0072 
        93       0.0177       0.5177       0.0072 
        94       0.0222       0.2490       0.0072 
        95       0.0001       0.6687       0.0072 
        96       0.0048       0.0545       0.0072 
        97       0.0002       0.4362       0.0072 
        98       0.0000       0.8372       0.0072 
        99       0.0179       0.3638       0.0072 
       100       0.3609       0.7427       0.0073 
       101       0.0004       0.0443       0.0072 
       102       0.0002       0.0504       0.0072 
       103       0.0000       0.4256       0.0072 
       104       0.0000       0.8327       0.0072 
       105       0.1385       0.4357       0.0072 
       106       0.0973       0.9255       0.0072 
       107       0.0023       0.1454       0.0072 
       108       0.0000       0.4841       0.0072 
       109       0.0016       0.0626       0.0072 
       110       0.0051       0.6014       0.0072 
       111       0.0052       0.9850       0.0072 
       112       0.0006       0.0837       0.0072 
       113       0.0001       0.7860       0.0072 
       114       1.7010       0.9992       0.0079 
       115       0.0085       0.6290       0.0072 
       116       0.1166       0.4294       0.0072 
       117       0.0064       0.9279       0.0072 
       118       0.6391       0.3624       0.0073 
       119       0.0182       0.8696       0.0072 
       120       0.0163       0.2530       0.0072 
       121       2.7762       0.2869       0.0088 
       122       0.0001       0.4163       0.0072 
       123       0.0046       0.7957       0.0072 
       124       0.0000       0.5160       0.0072 
       125       0.0014       0.3999       0.0072 
       126       0.0006       0.5553       0.0072 
       127       0.0371       0.0331       0.0072 
       128       0.0012       0.4497       0.0072 
       129       0.0603       0.7202       0.0072 
       130       0.0006       0.8944       0.0072 
       131       0.0000       0.4837       0.0072 
       132       0.6966       0.3622       0.0073 
       133       1.4325       0.7323       0.0077 
       134       0.3971       0.6190       0.0073 
       135       1.3647       0.9264       0.0077 
       136       2.5328       0.3624       0.0086 
       137       0.0005       0.8426       0.0072 
       138       0.4641       0.5187       0.0073 
       139       0.0238       0.8722       0.0072 
       140       0.0055       0.4793       0.0072 
       141       0.6904       0.3567       0.0073 
       142       0.2666       0.0592       0.0072 
       143       0.2700       0.1208       0.0072 
       144       0.0000       0.8172       0.0072 
       145       0.0298       0.6089       0.0072 
       146       0.0000       0.9225       0.0072 
       147       0.0001       0.6712       0.0072 
       148       0.0004       0.0211       0.0072 
       149       0.0126       0.5683       0.0072 
       150       0.0002       0.8295       0.0072 
       151       0.3118       0.1948       0.0072 
       152       0.0000       0.2252       0.0072 
       153       0.9465       0.5411       0.0074 
       154       0.1061       0.1139       0.0072 
       155       0.0001       0.6783       0.0072 
       156       0.0473       0.1237       0.0072 
       157       0.0089       0.1907       0.0072 
       158       0.0001       0.4149       0.0072 
       159       0.0023       0.7938       0.0072 
       160       1.3398       0.9085       0.0076 
       161       0.0001       0.3901       0.0072 
       162       0.0001       0.0343       0.0072 
       163       0.0161       0.8889       0.0072 
       164       0.0003       0.8178       0.0072 
       165       0.1934       0.7036       0.0072 
       166       0.0002       0.9860       0.0072 
       167       0.0001       0.7795       0.0072 
       168       0.1733       0.9492       0.0072 
       169       0.0000       0.0117       0.0072 
       170       0.8030       0.1026       0.0074 
       171       0.0000       0.2217       0.0072 
       172       0.0000       0.2035       0.0072 
       173       0.2302       0.7115       0.0072 
       174       0.0036       0.7708       0.0072 
       175       0.0056       0.1219       0.0072 
       176       0.0000       0.5357       0.0072 
       177       0.2124       0.7809       0.0072 
       178       0.0029       0.3687       0.0072 
       179       0.0885       0.2803       0.0072 
       180       0.0000       0.0461       0.0072 
       181       1.9829       0.6320       0.0081 
       182       0.0002       0.7327       0.0072 
       183       0.0105       0.0461       0.0072 
       184       0.0001       0.0931       0.0072 
       185       0.0000       0.6209       0.0072 
       186       1.5196       0.4680       0.0077 
       187       0.0072       0.4385       0.0072 
       188       0.0001       0.8749       0.0072 
       189       0.0034       0.3277       0.0072 
       190       0.0012       0.5770       0.0072 
       191       0.0139       0.4078       0.0072 
       192       0.0000       0.5564       0.0072 
       193       0.0007       0.6509       0.0072 
       194       0.0001       0.5893       0.0072 
       195       0.0002       0.8593       0.0072 
       196       0.0003       0.0328       0.0072 
       197       0.0040       0.8246       0.0072 
       198       2.4182       0.9620       0.0085 
       199       0.0000       0.5741       0.0072 
       200       0.1342       0.1296       0.0072 
