   RS iter        Gamma        Alpha  PRESS lasso   PRESS spgl    T elapsed 
         1       0.9549       0.3187    2160.5148      21.6064       2.5234
         2       0.0002       0.7832    1439.8013      21.5937       5.0207
         3       0.0159       0.7537    1950.6940      21.6043       1.9089
         4       0.0001       0.4485    1193.1001      21.5955       5.1076
         5       0.9443       0.5771    2160.5056      21.6063       1.9683
         6       0.0000       0.9406 1620399.1928      21.5904       7.8377
         7       0.0000       0.2694   18552.8899      21.5902       9.8718
         8       0.0385       0.4210    2059.9709      21.6036       1.8649
         9       0.1361       0.5477    2146.9449      21.6035       1.9314
        10       0.0002       0.1160    1438.5283      21.6026       5.0843
        11       0.0000       0.9849   71087.3790      21.5901       8.1962
        12       0.0000       0.3907   28468.4441      21.5919       7.6049
        13       0.0000       0.5044   24505.0333      21.5899      10.9598
        14       0.0005       0.8036    1692.7095      21.5964       3.6295
        15       0.0000       0.9642   23657.7518      21.5899       9.9583
        16       0.3179       0.5692    2157.9647      21.6047       1.8878
        17       0.0004       0.1115    1663.7172      21.6037       3.9394
        18       0.0002       0.7310    1309.7158      21.5938       5.0088
        19       0.0133       0.8307    1929.9337      21.6043       1.8677
        20       0.0083       0.9237    1884.5181      21.6044       2.1492
        21       0.0000       0.4502 1759990556.6451      21.5924       7.6647
        22       0.0026       0.8381    1817.7884      21.6044       1.8492
        23       0.0098       0.6472    1899.1904      21.6042       1.9109
        24       0.0272       0.3497    2017.6253      21.6041       1.9000
        25       0.0000       0.8550   21479.6596      21.5898      11.6296
        26       0.0006       0.6874    1743.4928      21.6019       3.4683
        27       0.0000       0.8983 3560482.9372      21.5900       9.9753
        28       0.0312       0.1096    2034.8352      21.6035       1.9638
        29       0.0354       0.6969    2050.1604      21.6037       1.8386
        30       0.0000       0.2060 4160531134.8405      21.5926       7.2248
        31       0.5997       0.7822    2159.9576      21.6057       1.9056
        32       0.0000       0.5496 1643183823.7526      21.5916       7.1100
        33       0.2011       0.1903    2154.1225      21.6038       1.9233
        34       0.0007       0.1097    1766.2671      21.6041       2.6277
        35       0.0001       0.5536    1184.0214      21.5948       5.0594
        36       0.0000       0.5784   42529.9093      21.5900      10.0351
        37       0.0001       0.2706    1239.7977      21.5967       4.9632
        38       0.0037       0.8078    1831.8977      21.6042       1.8713
        39       0.0001       0.6292    1250.2944      21.5941       4.9844
        40       0.0080       0.6862    1881.2412      21.6042       1.8403
        41       0.0019       0.9295    1806.7030      21.6019       1.8100
        42       0.0000       0.2093   17682.6005      21.5920       7.5968
        43       0.0000       0.4210   10889.9587      21.5918       7.2931
        44       0.0001       0.4351   47163.8443      21.5942       5.6840
        45       0.0042       0.1855    1838.7953      21.6040       1.8420
        46       0.0033       0.7361    1827.7349      21.6042       1.8177
        47       0.0005       0.2603    1718.8268      21.6037       3.2980
        48       0.0000       0.9069 27116713.0607      21.5908       6.9910
        49       0.0000       0.4239 46311241.2379      21.5925       7.0568
        50       0.9072       0.1997    2160.4712      21.6065       1.8067
        51       0.0075       0.3788    1875.8634      21.6041       1.7548
        52       0.0008       0.5436    1779.9511      21.6040       1.8641
        53       0.0059       0.7929    1858.4938      21.6042       1.8504
        54       0.1240       0.6948    2144.3564      21.6038       1.8416
        55       0.0000       0.5413          Inf      21.5916       7.2357
        56       0.0000       0.4648   28732.2719      21.5904       8.8411
        57       0.0001       0.5312  650043.8842      21.5925       7.0307
        58       0.0058       0.2631    1857.7309      21.6041       1.8301
        59       0.0000       0.4279   25744.3737      21.5912       8.1910
        60       0.0088       0.5797    1889.2580      21.6042       1.8044
        61       0.0003       0.7721    1525.1853      21.5945       4.5067
        62       0.1204       0.3057    2143.4296      21.6030       2.0235
        63       0.0389       0.1343    2061.1421      21.6036       1.9175
        64       0.8496       0.8697    2160.4103      21.6065       1.8673
        65       0.1177       0.8928    2142.7140      21.6029       1.8698
        66       0.2897       0.9199    2157.4292      21.6026       1.8403
        67       0.0008       0.3655    1780.6830      21.6041       1.8510
        68       0.0007       0.3407    1774.4965      21.6041       2.3080
        69       0.0001       0.9209    1182.1024      21.5916       4.9868
        70       0.3064       0.9971    2157.7624      21.5892       1.8474
        71       0.0000       0.9592   19191.4977      21.5898      10.1228
        72       0.9055       0.1011    2160.4696      21.6067       1.8223
        73       0.0002       0.3731    1350.5281      21.5980       5.1273
        74       0.0002       0.6133    1346.7368      21.5952       4.8100
        75       0.0049       0.7595    1847.2340      21.6042       1.8853
        76       0.0001       0.6290   30802.1862      21.5924       6.9407
        77       0.0067       0.9124    1866.7166      21.6044       1.7550
        78       0.1137       0.0336    2141.5414      21.6033       1.8573
        79       0.3240       0.8523    2158.0636      21.6040       1.8029
        80       0.0002       0.0083    1478.1750      21.6042       4.6140
        81       0.0002       0.0438    1419.9587      21.6030       4.6625
        82       0.0000       0.2000   22258.3262      21.5904       9.5952
        83       0.0006       0.8279    1745.8798      21.5971       2.9982
        84       0.0043       0.3685    1840.1475      21.6041       1.8859
        85       0.0007       0.4632    1775.8988      21.6036       2.2788
        86       0.2243       0.0504    2155.3582      21.6037       1.8083
        87       0.0003       0.3275    1498.7878      21.6011       4.5672
        88       0.0000       0.0939   21812.3294      21.5907       8.9464
        89       0.0000       0.4351          Inf      21.5917       7.5174
        90       0.0068       0.9274    1868.7528      21.6044       1.8254
        91       0.0000       0.7460   20689.6437      21.5898      10.8201
        92       0.0000       0.4714   21344.0610      21.5899      10.6721
        93       0.9815       0.2338    2160.5369      21.6066       1.8073
        94       0.0276       0.4307    2019.0694      21.6042       1.8513
        95       0.1279       0.6063    2145.2600      21.6038       1.7776
        96       0.0001       0.4259   32330.3021      21.5934       7.1388
        97       0.0000       0.2549   61564.9948      21.5908       8.6142
        98       0.0019       0.5104    1808.2363      21.6041       1.7989
        99       0.0004       0.8531    1625.7476      21.5940       4.1017
       100       0.0000       0.8818   72407.4514      21.5901       8.6626
